4670.460000 42164.100000
3448.221124 42147.076867
-1407.357334 41741.212744
-6081.480049 40826.745230
-10592.359460 39425.046331
-14913.508774 37553.713322
-19016.600190 35226.544030
-22870.279416 32454.791957
-26439.943771 29247.698611
-29687.122192 25612.643385
-32568.436434 21554.833095
-35033.883961 17076.289190
-36951.844738 12384.961267
-38291.479669 7639.316368
-39085.096172 2870.185787
-39354.736171 -1893.284585
-39115.516439 -6618.475628
-38379.105840 -11270.664667
-37155.530743 -15813.677005
-35454.163253 -20210.114940
-33284.271593 -24421.361262
-30655.299901 -28407.416138
-27576.949577 -32126.565859
-24059.077622 -35534.839879
-20111.373714 -38585.163628
-15912.272809 -41135.986172
-11556.582348 -43164.934664
-7086.167346 -44686.469902
-2540.082300 -45711.544294
2043.010436 -46248.730236
6624.708160 -46305.751499
11166.762876 -45890.425926
15630.975667 -45011.292168
19979.106983 -43678.068623
24172.809389 -41902.020194
28173.585792 -39696.272776
31942.774018 -37076.095898
35441.557127 -34059.161431
38630.994811 -30665.777652
41472.065534 -26919.090131
43925.697426 -22845.235358
45952.749652 -18473.425986
47513.876443 -13835.942306
48569.159804 -8967.997068
49068.420714 -4104.871230
49035.064337 703.617308
48492.945572 5415.033160
47465.818824 9989.352579
45977.709614 14388.958501
44053.000787 18578.592321
41716.360287 22525.191901
38992.593741 26197.622813
35906.472273 29566.307231
32482.563755 32602.750707
28745.080059 35278.956845
24717.737661 37566.704499
20423.614135 39436.632832
15884.960252 40857.029686
11122.885157 41792.123347
6156.742364 42199.480059
1269.557751 42049.579621
-3477.200014 41375.656318
-8064.411247 40206.205224
-12468.700724 38562.928594
-16663.773083 36463.196636
-20620.759787 33921.418818
-24308.123392 30949.829683
-27691.253733 27558.879674
-30731.747122 23757.265154
-33386.238682 19551.502761
-35604.476729 14944.765617
-37266.796699 10145.174008
-38345.824372 5322.775059
-38875.743457 505.883913
-38879.918672 -4278.081076
-38374.646301 -8997.759222
-37372.563867 -13619.412643
-35884.396263 -18107.612875
-33919.895232 -22425.447286
-31488.335624 -26534.458980
-28598.721112 -30394.378201
-25259.749915 -33962.630189
-21479.518152 -37193.543188
-17364.855011 -39977.509298
-13075.355081 -42231.683621
-8655.697533 -43972.632073
-4143.758224 -45213.913935
422.799973 -45965.077647
5006.355366 -46233.815333
9569.273804 -46027.264727
14073.814610 -45352.826192
18482.032219 -44218.729778
22755.688705 -42634.467988
26856.183240 -40611.154663
30744.500547 -38161.842458
34381.178425 -35301.815291
37726.291536 -32048.861294
40739.443467 -28423.523408
43379.749908 -24449.317355
45605.780867 -20152.898078
47375.402289 -15564.147937
